{
  "advancedEditorSelectedIdentifier" : "ProjectBrowser",
  "openSceneRelativePaths" : [
    "Scene.usda"
  ],
  "recentIdentifiers" : {
    "90C576A0-F90A-43B8-9998-14918A66F863" : [

    ]
  },
  "sceneCameraHistory" : {
    "90C576A0-F90A-43B8-9998-14918A66F863" : [
      {
        "date" : 779105507.091012,
        "title" : "Untitled",
        "transform" : [
          0.9569384,
          -6.406827e-09,
          0.29029092,
          0,
          0.24584231,
          0.5317801,
          -0.8104144,
          0,
          -0.15437095,
          0.84688246,
          0.50888073,
          0,
          -0.13162349,
          0.4904709,
          0.41396886,
          1
        ]
      },
      {
        "date" : 779105463.338257,
        "title" : "Untitled",
        "transform" : [
          0.99451107,
          -2.4650164e-09,
          -0.10463122,
          0,
          -0.038513366,
          0.92979145,
          -0.3660664,
          0,
          0.09728521,
          0.36808684,
          0.92468786,
          0,
          0.052582573,
          0.16554092,
          0.5550744,
          1
        ]
      },
      {
        "date" : 779105436.430324,
        "title" : "Untitled",
        "transform" : [
          0.9778359,
          -2.8284104e-09,
          -0.20937303,
          0,
          -0.059956003,
          0.9581222,
          -0.28001285,
          0,
          0.20060493,
          0.28635982,
          0.9368862,
          0,
          0.1111011,
          0.1172652,
          0.5465021,
          1
        ]
      },
      {
        "date" : 779105426.701226,
        "title" : "Untitled",
        "transform" : [
          0.984061,
          -1.3852128e-09,
          -0.17783155,
          0,
          -0.08851024,
          0.867338,
          -0.48978642,
          0,
          0.15424006,
          0.49771962,
          0.8535135,
          0,
          0.08608711,
          0.24158894,
          0.5089037,
          1
        ]
      },
      {
        "date" : 779105423.968381,
        "title" : "Untitled",
        "transform" : [
          0.984061,
          -1.3852128e-09,
          -0.17783155,
          0,
          -0.08851024,
          0.867338,
          -0.48978642,
          0,
          0.15424006,
          0.49771962,
          0.8535135,
          0,
          0.0225434,
          0.06326425,
          0.13326526,
          1
        ]
      },
      {
        "date" : 779105422.389239,
        "title" : "Untitled",
        "transform" : [
          0.98406094,
          -1.3258372e-09,
          -0.17783153,
          0,
          -0.08851024,
          0.867338,
          -0.48978645,
          0,
          0.15424004,
          0.49771965,
          0.8535135,
          0,
          0.398911,
          1.2872522,
          2.2074418,
          1
        ]
      }
    ]
  },
  "sceneViewportBackgroundColors" : {

  }
}