{
  "advancedEditorSelectedIdentifier" : "ProjectBrowser",
  "openSceneRelativePaths" : [
    "Scene.usda"
  ],
  "recentIdentifiers" : {
    "90C576A0-F90A-43B8-9998-14918A66F863" : [

    ]
  },
  "sceneCameraHistory" : {
    "90C576A0-F90A-43B8-9998-14918A66F863" : [
      {
        "date" : 786555779.399743,
        "title" : "Untitled",
        "transform" : [
          0.98896027,
          -3.7081092e-09,
          -0.14818081,
          0,
          -0.007844259,
          0.9985979,
          -0.052352685,
          0,
          0.14797299,
          0.05293708,
          0.98757356,
          0,
          -0.5755329,
          0.29326287,
          0.8011413,
          1
        ]
      },
      {
        "date" : 786555774.808009,
        "title" : "Untitled",
        "transform" : [
          0.5151237,
          -3.5266479e-09,
          0.8571158,
          0,
          0.10304032,
          0.9927475,
          -0.061926883,
          0,
          -0.85089964,
          0.12021749,
          0.51138777,
          0,
          -0.99776584,
          0.3373629,
          -0.0042434186,
          1
        ]
      },
      {
        "date" : 786555768.406988,
        "title" : "Untitled",
        "transform" : [
          0.9995613,
          -8.3372304e-10,
          -0.029616024,
          0,
          -0.0064167287,
          0.9762462,
          -0.21656904,
          0,
          0.028912531,
          0.21666408,
          0.975818,
          0,
          -0.48791215,
          0.40966594,
          0.61796844,
          1
        ]
      },
      {
        "date" : 786555452.66626,
        "title" : "Untitled",
        "transform" : [
          0.9996505,
          -7.474357e-10,
          -0.026434924,
          0,
          -0.006173218,
          0.9723507,
          -0.2334435,
          0,
          0.025704019,
          0.2335251,
          0.97201097,
          0,
          -0.49032903,
          0.4222427,
          0.614285,
          1
        ]
      },
      {
        "date" : 786555186.121011,
        "title" : "Untitled",
        "transform" : [
          0.9996505,
          -7.474357e-10,
          -0.026434924,
          0,
          -0.006173218,
          0.9723507,
          -0.2334435,
          0,
          0.025704019,
          0.2335251,
          0.97201097,
          0,
          -0.5057395,
          0.2822356,
          0.03152749,
          1
        ]
      },
      {
        "date" : 786554473.296541,
        "title" : "Untitled",
        "transform" : [
          0.9996506,
          1.6714075e-10,
          -0.026434924,
          0,
          -0.0061732195,
          0.9723508,
          -0.23344348,
          0,
          0.025704019,
          0.23352514,
          0.97201097,
          0,
          0.013524943,
          0.124875925,
          0.5114528,
          1
        ]
      },
      {
        "date" : 786554469.140041,
        "title" : "Untitled",
        "transform" : [
          1,
          0,
          0,
          0,
          0,
          0.7071069,
          -0.7071067,
          0,
          0,
          0.7071067,
          0.7071069,
          0,
          0,
          0.2859672,
          0.28396758,
          1
        ]
      }
    ]
  },
  "sceneViewportBackgroundColors" : {

  }
}