{
  "advancedEditorSelectedIdentifier" : "ProjectBrowser",
  "openSceneRelativePaths" : [
    "Immersive.usda"
  ],
  "recentIdentifiers" : {
    "AF09ED6F-1707-48FD-8720-65B998362C09" : [

    ]
  },
  "sceneCameraHistory" : {
    "AF09ED6F-1707-48FD-8720-65B998362C09" : [
      {
        "date" : 762347789.724049,
        "title" : "Untitled",
        "transform" : [
          0.9985197,
          7.49862e-09,
          -0.054389402,
          0,
          -0.044837408,
          0.56604046,
          -0.8231572,
          0,
          0.030786624,
          0.82437736,
          0.5652026,
          0,
          0.18589532,
          1.0176971,
          0.6921242,
          1
        ]
      },
      {
        "date" : 762347766.688503,
        "title" : "Untitled",
        "transform" : [
          0.98314995,
          6.4213257e-09,
          -0.18280087,
          0,
          -0.08400175,
          0.88816434,
          -0.45178288,
          0,
          0.16235723,
          0.45952594,
          0.8731987,
          0,
          0.34630495,
          0.56613886,
          1.0530243,
          1
        ]
      },
      {
        "date" : 762347748.052954,
        "title" : "Untitled",
        "transform" : [
          0.98315006,
          1.1402339e-08,
          -0.18280087,
          0,
          -0.08400171,
          0.88816434,
          -0.45178285,
          0,
          0.16235715,
          0.45952582,
          0.8731988,
          0,
          0.22398601,
          0.8245176,
          1.5142629,
          1
        ]
      },
      {
        "date" : 762347740.067914,
        "title" : "Untitled",
        "transform" : [
          0.95992976,
          1.1375461e-08,
          -0.28024077,
          0,
          -0.14803922,
          0.84908426,
          -0.50709,
          0,
          0.23794797,
          0.5282573,
          0.81506133,
          0,
          0.3591866,
          0.94341606,
          1.4323064,
          1
        ]
      },
      {
        "date" : 762347715.483998,
        "title" : "Untitled",
        "transform" : [
          0.95992965,
          1.1375459e-08,
          -0.28024074,
          0,
          -0.14803924,
          0.8490844,
          -0.50709003,
          0,
          0.23794797,
          0.5282573,
          0.81506133,
          0,
          0.22946401,
          0.6554247,
          0.9879577,
          1
        ]
      },
      {
        "date" : 762347709.46886,
        "title" : "Untitled",
        "transform" : [
          0.9686872,
          1.1357497e-08,
          -0.24828416,
          0,
          -0.09352345,
          0.92634386,
          -0.36488432,
          0,
          0.22999644,
          0.37667906,
          0.89733744,
          0,
          0.21213582,
          0.47716933,
          1.0556047,
          1
        ]
      },
      {
        "date" : 762347708.121155,
        "title" : "Untitled",
        "transform" : [
          0.9725666,
          1.1543084e-08,
          -0.23262475,
          0,
          -0.09483859,
          0.9131208,
          -0.39650482,
          0,
          0.21241449,
          0.4076891,
          0.8880708,
          0,
          0.19276357,
          0.51325405,
          1.049209,
          1
        ]
      },
      {
        "date" : 762347680.103952,
        "title" : "Untitled",
        "transform" : [
          0.9867594,
          1.171672e-08,
          -0.16219097,
          0,
          -0.10241699,
          0.7754091,
          -0.6230984,
          0,
          0.12576434,
          0.63145924,
          0.7651422,
          0,
          0.097731605,
          0.7799139,
          0.94354314,
          1
        ]
      },
      {
        "date" : 762347670.177535,
        "title" : "Untitled",
        "transform" : [
          0.98675936,
          1.197298e-09,
          -0.162191,
          0,
          -0.10241701,
          0.77540904,
          -0.6230984,
          0,
          0.12576437,
          0.63145924,
          0.7651422,
          0,
          0.28430372,
          3.4769328,
          1.7296852,
          1
        ]
      },
      {
        "date" : 762347598.336947,
        "title" : "Untitled",
        "transform" : [
          0.9997122,
          5.25593e-10,
          0.02398608,
          0,
          0.0133931395,
          0.82959116,
          -0.5582107,
          0,
          -0.01989864,
          0.5583713,
          0.8293525,
          0,
          -0.049014837,
          3.3040552,
          2.042882,
          1
        ]
      }
    ]
  },
  "sceneViewportBackgroundColors" : {

  }
}