{
  "advancedEditorSelectedIdentifier" : "ShaderGraphEditorPluginID",
  "openSceneRelativePaths" : [
    "Immersive.usda"
  ],
  "recentIdentifiers" : {
    "AF09ED6F-1707-48FD-8720-65B998362C09" : [

    ]
  },
  "sceneCameraHistory" : {
    "AF09ED6F-1707-48FD-8720-65B998362C09" : [
      {
        "date" : 774010003.970196,
        "title" : "Untitled",
        "transform" : [
          0.80128247,
          -1.6202067e-08,
          -0.59828633,
          0,
          -0.29720256,
          0.8678901,
          -0.39804214,
          0,
          0.51924664,
          0.49675632,
          0.69542515,
          0,
          1.8219776,
          3.9644914,
          2.2421198,
          1
        ]
      },
      {
        "date" : 774009977.810457,
        "title" : "Untitled",
        "transform" : [
          0.86560893,
          -1.221022e-08,
          -0.5007205,
          0,
          -0.11085434,
          0.9751855,
          -0.19163685,
          0,
          0.48829526,
          0.22138955,
          0.8441294,
          0,
          1.8455322,
          3.0131397,
          2.953784,
          1
        ]
      },
      {
        "date" : 774009970.178633,
        "title" : "Untitled",
        "transform" : [
          0.52153784,
          -1.1612467e-08,
          -0.8532281,
          0,
          -0.24539784,
          0.95774734,
          -0.14999999,
          0,
          0.81717694,
          0.28761095,
          0.49950153,
          0,
          2.9656887,
          3.2489939,
          1.6739131,
          1
        ]
      },
      {
        "date" : 774009948.639375,
        "title" : "Untitled",
        "transform" : [
          0.99962074,
          -2.2066016e-11,
          -0.027540663,
          0,
          -0.018358532,
          0.745418,
          -0.6663445,
          0,
          0.020529307,
          0.66659737,
          0.7451353,
          0,
          0.04186108,
          1.359226,
          1.5193683,
          1
        ]
      },
      {
        "date" : 774009939.477068,
        "title" : "Untitled",
        "transform" : [
          1,
          0,
          0,
          0,
          0,
          0.7071069,
          -0.7071067,
          0,
          0,
          0.7071067,
          0.7071069,
          0,
          7.948499e-07,
          1.4418266,
          1.4418266,
          1
        ]
      },
      {
        "date" : 774009930.550216,
        "title" : "Untitled",
        "transform" : [
          1,
          0,
          -0,
          0,
          -0,
          0.7071069,
          -0.7071067,
          0,
          0,
          0.7071067,
          0.7071069,
          0,
          1.1920929e-07,
          0.216241,
          0.216241,
          1
        ]
      }
    ]
  },
  "sceneViewportBackgroundColors" : {

  }
}