{
  "advancedEditorSelectedIdentifier" : "ProjectBrowser",
  "openSceneRelativePaths" : [
    "Scene.usda"
  ],
  "recentIdentifiers" : {
    "90C576A0-F90A-43B8-9998-14918A66F863" : [

    ]
  },
  "sceneCameraHistory" : {
    "90C576A0-F90A-43B8-9998-14918A66F863" : [
      {
        "date" : 776796531.418889,
        "title" : "Untitled",
        "transform" : [
          0.9608157,
          6.693366e-09,
          -0.27718788,
          0,
          -0.027192356,
          0.99517643,
          -0.09425684,
          0,
          0.27585083,
          0.098100856,
          0.9561812,
          0,
          0.53099936,
          0.28006312,
          1.8939267,
          1
        ]
      },
      {
        "date" : 776796527.320842,
        "title" : "Untitled",
        "transform" : [
          0.99960583,
          -4.836075e-10,
          0.028074566,
          0,
          0.01431217,
          0.86029804,
          -0.5095903,
          0,
          -0.024152495,
          0.5097913,
          0.85995895,
          0,
          -0.061487753,
          1.0856558,
          1.6628063,
          1
        ]
      },
      {
        "date" : 776796470.735253,
        "title" : "Untitled",
        "transform" : [
          0.9996058,
          -2.3573588e-10,
          0.028074568,
          0,
          0.014312172,
          0.8602981,
          -0.5095904,
          0,
          -0.024152497,
          0.5097914,
          0.859959,
          0,
          -0.022056818,
          0.47055125,
          0.77692086,
          1
        ]
      },
      {
        "date" : 776796452.653451,
        "title" : "Untitled",
        "transform" : [
          1,
          0,
          -0,
          0,
          -0,
          0.7071069,
          -0.7071067,
          0,
          0,
          0.7071067,
          0.7071069,
          0,
          5.9604645e-08,
          0.6526787,
          0.6526789,
          1
        ]
      },
      {
        "date" : 776796441.766925,
        "title" : "Untitled",
        "transform" : [
          1,
          0,
          -0,
          0,
          -0,
          0.7071069,
          -0.7071067,
          0,
          0,
          0.7071067,
          0.7071069,
          0,
          -0.60000014,
          0.6526786,
          0.6526787,
          1
        ]
      }
    ]
  },
  "sceneViewportBackgroundColors" : {

  }
}