{
  "advancedEditorSelectedIdentifier" : "ProjectBrowser",
  "openSceneRelativePaths" : [
    "Scene.usda"
  ],
  "recentIdentifiers" : {
    "90C576A0-F90A-43B8-9998-14918A66F863" : [

    ]
  },
  "sceneCameraHistory" : {
    "90C576A0-F90A-43B8-9998-14918A66F863" : [
      {
        "date" : 778412195.813269,
        "title" : "Untitled",
        "transform" : [
          0.99996793,
          1.4461569e-11,
          0.0080127455,
          0,
          0.0024716244,
          0.9512366,
          -0.30845213,
          0,
          -0.007622023,
          0.30846196,
          0.95120615,
          0,
          -0.03414055,
          0.7975583,
          2.4239223,
          1
        ]
      },
      {
        "date" : 778411757.410081,
        "title" : "Untitled",
        "transform" : [
          0.9963881,
          1.455458e-11,
          -0.08491698,
          0,
          -0.026316538,
          0.95076615,
          -0.30878964,
          0,
          0.08073619,
          0.309909,
          0.9473322,
          0,
          0.2065463,
          0.80149347,
          2.4235468,
          1
        ]
      },
      {
        "date" : 778411753.391732,
        "title" : "Untitled",
        "transform" : [
          0.9974808,
          -4.887611e-10,
          -0.0709373,
          0,
          -0.038629655,
          0.83872145,
          -0.5431887,
          0,
          0.059496637,
          0.5445606,
          0.83660865,
          0,
          0.15651806,
          1.4097638,
          2.2008698,
          1
        ]
      },
      {
        "date" : 778411722.907164,
        "title" : "Untitled",
        "transform" : [
          0.9999005,
          3.5883962e-11,
          0.014105435,
          0,
          0.0062187035,
          0.89756966,
          -0.440829,
          0,
          -0.012660611,
          0.44087285,
          0.89748037,
          0,
          -0.032858014,
          1.13889,
          2.329226,
          1
        ]
      },
      {
        "date" : 778411721.252986,
        "title" : "Untitled",
        "transform" : [
          0.99916786,
          6.377423e-10,
          0.040787295,
          0,
          0.0173981,
          0.9044608,
          -0.4262019,
          0,
          -0.03689051,
          0.4265569,
          0.90370816,
          0,
          -0.0957545,
          1.1017333,
          2.3457015,
          1
        ]
      }
    ]
  },
  "sceneViewportBackgroundColors" : {

  }
}