{
  "advancedEditorSelectedIdentifier" : "ProjectBrowser",
  "openSceneRelativePaths" : [
    "Immersive.usda",
    "Stack01.usda"
  ],
  "recentIdentifiers" : {
    "AF09ED6F-1707-48FD-8720-65B998362C09" : [

    ]
  },
  "sceneCameraHistory" : {
    "1BCD6C3B-6E25-47E8-BDA2-516625CE8C49" : [
      {
        "date" : 776297281.422179,
        "title" : "Untitled",
        "transform" : [
          0.9767918,
          1.197531e-10,
          0.21419115,
          0,
          0.04016438,
          0.98226154,
          -0.18316461,
          0,
          -0.2103917,
          0.18751656,
          0.95946485,
          0,
          -0.54413605,
          0.48497412,
          2.4814641,
          1
        ]
      },
      {
        "date" : 776296616.349094,
        "title" : "Untitled",
        "transform" : [
          0.9700902,
          9.786758e-10,
          0.24274448,
          0,
          0.088310905,
          0.9314764,
          -0.3529207,
          0,
          -0.22611071,
          0.3638019,
          0.90361613,
          0,
          -0.5847902,
          0.940901,
          2.3370225,
          1
        ]
      }
    ],
    "AF09ED6F-1707-48FD-8720-65B998362C09" : [
      {
        "date" : 776296704.578396,
        "title" : "Untitled",
        "transform" : [
          0.9968693,
          -5.517067e-10,
          -0.0790671,
          0,
          -0.037040032,
          0.88348293,
          -0.46699667,
          0,
          0.069854446,
          0.46846333,
          0.8807171,
          0,
          0.5913358,
          5.5938287,
          0.43552685,
          1
        ]
      },
      {
        "date" : 776296646.695396,
        "title" : "Untitled",
        "transform" : [
          0.99990326,
          4.391784e-11,
          -0.013911555,
          0,
          -0.0036040982,
          0.9658579,
          -0.25904724,
          0,
          0.013436587,
          0.2590723,
          0.9657645,
          0,
          0.08951382,
          3.7051725,
          1.3541126,
          1
        ]
      },
      {
        "date" : 776296641.63749,
        "title" : "Untitled",
        "transform" : [
          0.99993056,
          7.652243e-11,
          -0.011785251,
          0,
          -0.00206651,
          0.98450667,
          -0.17533496,
          0,
          0.011602659,
          0.17534713,
          0.9844383,
          0,
          0.066309534,
          2.6272936,
          1.6260939,
          1
        ]
      },
      {
        "date" : 776296461.472467,
        "title" : "Untitled",
        "transform" : [
          0.8628418,
          -3.4563286e-09,
          -0.50547403,
          0,
          -0.119161986,
          0.9718154,
          -0.20340896,
          0,
          0.49122745,
          0.23574305,
          0.838523,
          0,
          5.060137,
          7.9918585,
          8.638624,
          1
        ]
      },
      {
        "date" : 776296459.7761,
        "title" : "Untitled",
        "transform" : [
          0.86284184,
          -7.9955864e-10,
          -0.50547403,
          0,
          -0.119161956,
          0.9718154,
          -0.20340896,
          0,
          0.49122742,
          0.23574308,
          0.8385231,
          0,
          19.306849,
          9.164379,
          32.955723,
          1
        ]
      },
      {
        "date" : 776292923.848902,
        "title" : "Untitled",
        "transform" : [
          0.9958567,
          -2.2481752e-09,
          -0.09093656,
          0,
          -0.032771982,
          0.9328045,
          -0.35888985,
          0,
          0.08482601,
          0.36038306,
          0.9289395,
          0,
          3.3118544,
          14.046833,
          36.26304,
          1
        ]
      },
      {
        "date" : 776292922.467212,
        "title" : "Untitled",
        "transform" : [
          0.9966688,
          -2.4373357e-09,
          -0.08155668,
          0,
          -0.021400237,
          0.9649599,
          -0.26152316,
          0,
          0.07869887,
          0.26239735,
          0.96174526,
          0,
          2.988495,
          10.275048,
          36.51501,
          1
        ]
      },
      {
        "date" : 776292915.745759,
        "title" : "Untitled",
        "transform" : [
          0.45174137,
          -2.1707733e-09,
          -0.89214885,
          0,
          -0.36492142,
          0.91251796,
          -0.1847787,
          0,
          0.8141018,
          0.40903646,
          0.41222212,
          0,
          32.25151,
          15.960045,
          16.330061,
          1
        ]
      },
      {
        "date" : 776292909.924301,
        "title" : "Untitled",
        "transform" : [
          0.76930594,
          2.848497e-10,
          -0.63888055,
          0,
          -0.0362148,
          0.9983921,
          -0.04360793,
          0,
          0.63785326,
          0.05668477,
          0.76806897,
          0,
          22.935198,
          2.6750488,
          27.616568,
          1
        ]
      },
      {
        "date" : 776292749.732945,
        "title" : "Untitled",
        "transform" : [
          0.98534673,
          1.0995169e-09,
          0.17056312,
          0,
          -0.027698943,
          0.9867255,
          0.16001737,
          0,
          -0.16829897,
          -0.16239701,
          0.97226673,
          0,
          0.16829984,
          1.7623928,
          2.0277367,
          1
        ]
      }
    ]
  },
  "sceneViewportBackgroundColors" : {

  },
  "selectedSceneRelativePath" : "Stack01.usda"
}