{
  "advancedEditorSelectedIdentifier" : "BehaviorsPluginID",
  "openSceneRelativePaths" : [
    "Scene.usda"
  ],
  "recentIdentifiers" : {
    "050B39B8-97B8-4AA9-B319-50C58BE8D62D" : [

    ]
  },
  "sceneCameraHistory" : {
    "050B39B8-97B8-4AA9-B319-50C58BE8D62D" : [
      {
        "date" : 782571822.121389,
        "title" : "Untitled",
        "transform" : [
          0.9999456,
          5.5695684e-09,
          -0.01042896,
          0,
          0.0023071144,
          0.9752233,
          0.2212106,
          0,
          0.010170433,
          -0.22122262,
          0.9751703,
          0,
          0.06846674,
          0.3172566,
          -1.1643602,
          1
        ]
      },
      {
        "date" : 782571820.529285,
        "title" : "Untitled",
        "transform" : [
          0.9999456,
          5.5695684e-09,
          -0.01042896,
          0,
          0.0023071144,
          0.9752233,
          0.2212106,
          0,
          0.010170433,
          -0.22122262,
          0.9751703,
          0,
          0.086575285,
          0.41508958,
          -1.1423551,
          1
        ]
      },
      {
        "date" : 782570986.110179,
        "title" : "Untitled",
        "transform" : [
          0.9999456,
          5.5695684e-09,
          -0.01042896,
          0,
          0.0023071144,
          0.9752233,
          0.2212106,
          0,
          0.010170433,
          -0.22122262,
          0.9751703,
          0,
          0.106386274,
          -0.015833467,
          0.75719416,
          1
        ]
      },
      {
        "date" : 782570980.006678,
        "title" : "Untitled",
        "transform" : [
          0.9999456,
          5.5695684e-09,
          -0.01042896,
          0,
          0.0023071144,
          0.9752233,
          0.2212106,
          0,
          0.010170433,
          -0.22122262,
          0.9751703,
          0,
          0.07686896,
          0.5217618,
          0.8794584,
          1
        ]
      },
      {
        "date" : 782570976.29675,
        "title" : "Untitled",
        "transform" : [
          0.9999456,
          5.5695684e-09,
          -0.01042896,
          0,
          0.0023071144,
          0.9752233,
          0.2212106,
          0,
          0.010170433,
          -0.22122262,
          0.9751703,
          0,
          0.098267816,
          0.33093992,
          0.83594626,
          1
        ]
      },
      {
        "date" : 782570960.438953,
        "title" : "Untitled",
        "transform" : [
          0.72281224,
          5.5751936e-09,
          -0.69104445,
          0,
          0.14052428,
          0.97910595,
          0.1469843,
          0,
          0.6766057,
          -0.20335057,
          0.7077099,
          0,
          0.4985734,
          0.37400275,
          0.6497053,
          1
        ]
      },
      {
        "date" : 782570958.867453,
        "title" : "Untitled",
        "transform" : [
          0.72281224,
          5.5751936e-09,
          -0.69104445,
          0,
          0.14052428,
          0.97910595,
          0.1469843,
          0,
          0.67660576,
          -0.2033506,
          0.70770997,
          0,
          0.49795654,
          0.31468055,
          0.6332497,
          1
        ]
      },
      {
        "date" : 782570944.868107,
        "title" : "Untitled",
        "transform" : [
          0.51556325,
          -2.8035174e-10,
          -0.85685146,
          0,
          -0.23195373,
          0.9626624,
          -0.1395654,
          0,
          0.8248588,
          0.27070472,
          0.49631345,
          0,
          4.4986544,
          -0.15032744,
          2.6449761,
          1
        ]
      },
      {
        "date" : 782570938.937201,
        "title" : "Untitled",
        "transform" : [
          0.51556325,
          5.2141154e-09,
          -0.8568515,
          0,
          -0.23195378,
          0.96266246,
          -0.13956536,
          0,
          0.8248587,
          0.27070478,
          0.4963134,
          0,
          2.1624572,
          3.0462945,
          2.0078578,
          1
        ]
      },
      {
        "date" : 782570912.55059,
        "title" : "Untitled",
        "transform" : [
          -0.35164288,
          4.64875e-09,
          -0.9361342,
          0,
          -0.29159445,
          0.95025015,
          0.10953256,
          0,
          0.88956165,
          0.31148794,
          -0.33414868,
          0,
          5.1430826,
          3.2325385,
          -1.5391214,
          1
        ]
      }
    ]
  },
  "sceneViewportBackgroundColors" : {

  }
}