{
  "advancedEditorSelectedIdentifier" : "BehaviorsPluginID",
  "openSceneRelativePaths" : [
    "BlueDome.usda",
    "RedDome.usda",
    "GreenDome.usda",
    "Loading.usda"
  ],
  "recentIdentifiers" : {
    "06BD5E11-280B-43C6-914A-6C214AC2B798" : [

    ],
    "70FC513F-BD0B-4B22-8194-ABD3BCF51ADD" : [

    ],
    "AF09ED6F-1707-48FD-8720-65B998362C09" : [

    ]
  },
  "sceneCameraHistory" : {
    "06BD5E11-280B-43C6-914A-6C214AC2B798" : [
      {
        "date" : 757512877.036303,
        "title" : "Untitled",
        "transform" : [
          0.99979043,
          -2.2920266e-10,
          -0.020473223,
          0,
          -0.0088046715,
          0.9028014,
          -0.42996776,
          0,
          0.018483255,
          0.43005785,
          0.9026122,
          0,
          0.047803238,
          1.1122586,
          2.3344257,
          1
        ]
      }
    ],
    "70FC513F-BD0B-4B22-8194-ABD3BCF51ADD" : [
      {
        "date" : 762957305.849824,
        "title" : "Untitled",
        "transform" : [
          0.9705775,
          -8.813753e-09,
          0.24078909,
          0,
          0.11336037,
          0.88224703,
          -0.4569352,
          0,
          -0.21243541,
          0.47078696,
          0.8562891,
          0,
          -0.11809964,
          0.2633549,
          0.42366484,
          1
        ]
      },
      {
        "date" : 762957294.644557,
        "title" : "Untitled",
        "transform" : [
          0.9927872,
          9.090607e-10,
          0.11989031,
          0,
          -0.006735634,
          0.9984206,
          0.055776425,
          0,
          -0.119700946,
          -0.056181643,
          0.99121904,
          0,
          -0.06854659,
          0.06776577,
          0.5211933,
          1
        ]
      },
      {
        "date" : 757514850.625257,
        "title" : "Untitled",
        "transform" : [
          0.9994614,
          -8.771587e-10,
          0.03281707,
          0,
          0.0050989836,
          0.98785543,
          -0.15529224,
          0,
          -0.032418523,
          0.15537593,
          0.9873233,
          0,
          -0.021958098,
          0.17696354,
          0.4991343,
          1
        ]
      },
      {
        "date" : 757514845.737048,
        "title" : "Untitled",
        "transform" : [
          0.9994614,
          -9.772296e-10,
          0.03281707,
          0,
          0.005098984,
          0.98785543,
          -0.15529224,
          0,
          -0.03241851,
          0.15537599,
          0.9873234,
          0,
          -0.085819684,
          0.39911327,
          2.5996988,
          1
        ]
      },
      {
        "date" : 757514710.522043,
        "title" : "Untitled",
        "transform" : [
          0.9991815,
          -9.318075e-10,
          0.040452555,
          0,
          0.008679619,
          0.9767102,
          -0.21438728,
          0,
          -0.039510418,
          0.21456295,
          0.9759107,
          0,
          -0.10451756,
          0.55497617,
          2.5702465,
          1
        ]
      },
      {
        "date" : 757514694.813224,
        "title" : "Untitled",
        "transform" : [
          0.99969184,
          -8.5432006e-10,
          0.024824837,
          0,
          0.003638053,
          0.98920345,
          -0.14650372,
          0,
          -0.024556808,
          0.14654893,
          0.9888986,
          0,
          -0.06460227,
          0.37658852,
          2.5830338,
          1
        ]
      },
      {
        "date" : 757514678.474982,
        "title" : "Untitled",
        "transform" : [
          0.9981619,
          -1.0274076e-09,
          -0.060602188,
          0,
          -0.016817588,
          0.96072346,
          -0.27699786,
          0,
          0.058221947,
          0.27750793,
          0.95895755,
          0,
          0.15057941,
          0.7177189,
          2.480152,
          1
        ]
      }
    ],
    "74E51644-C884-421A-A106-C79A942E67C9" : [
      {
        "date" : 757512817.333279,
        "title" : "Untitled",
        "transform" : [
          0.99999964,
          -7.473586e-12,
          0.00085933757,
          0,
          0.0004193892,
          0.8728226,
          -0.4880376,
          0,
          -0.00075004925,
          0.4880378,
          0.8728222,
          0,
          -0.0019398523,
          1.262212,
          2.25738,
          1
        ]
      }
    ],
    "AF09ED6F-1707-48FD-8720-65B998362C09" : [
      {
        "date" : 757513005.285018,
        "title" : "Untitled",
        "transform" : [
          0.9964355,
          -1.6816348e-10,
          -0.084357575,
          0,
          -0.017255338,
          0.97885615,
          -0.20382084,
          0,
          0.082573935,
          0.20454994,
          0.975367,
          0,
          0.24062663,
          2.1015878,
          2.8422909,
          1
        ]
      },
      {
        "date" : 757512993.927161,
        "title" : "Untitled",
        "transform" : [
          0.27408925,
          -1.7650947e-10,
          0.96170425,
          0,
          0.66238153,
          0.7249914,
          -0.18878116,
          0,
          -0.69722736,
          0.68875796,
          0.19871233,
          0,
          -1.6027992,
          1.5138805,
          0.28324893,
          1
        ]
      },
      {
        "date" : 757512562.645939,
        "title" : "Untitled",
        "transform" : [
          1,
          0,
          -0,
          0,
          -0,
          0.7071069,
          -0.7071067,
          0,
          0,
          0.7071067,
          0.7071069,
          0,
          2.0861626e-07,
          1.5506103,
          1.0265398,
          1
        ]
      },
      {
        "date" : 757512471.752284,
        "title" : "Untitled",
        "transform" : [
          1,
          0,
          0,
          0,
          0,
          0.7071069,
          -0.70710677,
          0,
          0,
          0.70710677,
          0.7071069,
          0,
          0.030900657,
          2.0181615,
          1.6394193,
          1
        ]
      }
    ]
  },
  "sceneViewportBackgroundColors" : {

  },
  "selectedSceneRelativePath" : "Loading.usda"
}