{
  "advancedEditorSelectedIdentifier" : "ShaderGraphEditorPluginID",
  "openSceneRelativePaths" : [
    "Scene.usda"
  ],
  "recentIdentifiers" : {
    "90C576A0-F90A-43B8-9998-14918A66F863" : [

    ]
  },
  "sceneCameraHistory" : {
    "90C576A0-F90A-43B8-9998-14918A66F863" : [
      {
        "date" : 768762973.313471,
        "title" : "Untitled",
        "transform" : [
          0.9992352,
          9.5391925e-09,
          -0.039100446,
          0,
          0.008749673,
          0.974641,
          0.22360298,
          0,
          0.038108952,
          -0.22377412,
          0.97389567,
          0,
          0.20843194,
          0.09231889,
          0.75083995,
          1
        ]
      },
      {
        "date" : 768762960.616809,
        "title" : "Untitled",
        "transform" : [
          0.9963008,
          9.41433e-09,
          0.08593371,
          0,
          0.015674632,
          0.98322374,
          -0.18172896,
          0,
          -0.08449203,
          0.18240368,
          0.9795868,
          0,
          0.121613495,
          0.3863964,
          0.6720382,
          1
        ]
      },
      {
        "date" : 768762932.052085,
        "title" : "Untitled",
        "transform" : [
          0.999243,
          9.118166e-09,
          0.038904607,
          0,
          -0.0025034144,
          0.99792755,
          0.0642989,
          0,
          -0.038823932,
          -0.064347655,
          0.9971721,
          0,
          0.15023282,
          0.21291801,
          0.7401509,
          1
        ]
      },
      {
        "date" : 768762907.402868,
        "title" : "Untitled",
        "transform" : [
          0.97478867,
          9.094576e-09,
          -0.22313029,
          0,
          -0.0039481223,
          0.9998434,
          -0.017248169,
          0,
          0.22309542,
          0.017694224,
          0.97463614,
          0,
          0.49019322,
          0.3166098,
          0.8072869,
          1
        ]
      },
      {
        "date" : 768762829.419698,
        "title" : "Untitled",
        "transform" : [
          0.9973122,
          9.1505115e-09,
          0.073270485,
          0,
          0.001029646,
          0.99990124,
          -0.014014854,
          0,
          -0.0732632,
          0.014052585,
          0.9972137,
          0,
          0.23119316,
          0.3133444,
          0.91623425,
          1
        ]
      },
      {
        "date" : 768762798.580454,
        "title" : "Untitled",
        "transform" : [
          0.9351513,
          8.074004e-09,
          -0.3542487,
          0,
          -0.13704784,
          0.92213476,
          -0.36178106,
          0,
          0.32666504,
          0.386869,
          0.86233544,
          0,
          0.5315602,
          0.62592137,
          0.5628377,
          1
        ]
      },
      {
        "date" : 768762790.807321,
        "title" : "Untitled",
        "transform" : [
          0.94022006,
          1.5422643e-09,
          -0.3405676,
          0,
          -0.34036005,
          0.034899574,
          -0.93964726,
          0,
          0.011885637,
          0.9993908,
          0.032813285,
          0,
          1.2238116,
          3.4694088,
          0.7115998,
          1
        ]
      },
      {
        "date" : 768762785.857318,
        "title" : "Untitled",
        "transform" : [
          0.93943304,
          1.542265e-09,
          -0.34273267,
          0,
          -0.34252384,
          0.034899518,
          -0.93886083,
          0,
          0.011961177,
          0.9993908,
          0.032785762,
          0,
          1.2266008,
          3.4694088,
          0.7099291,
          1
        ]
      },
      {
        "date" : 768762750.353149,
        "title" : "Untitled",
        "transform" : [
          0.95782304,
          5.114547e-09,
          0.28735912,
          0,
          0.20193306,
          0.7114664,
          -0.6730815,
          0,
          -0.20444635,
          0.70272017,
          0.6814587,
          0,
          -0.118707776,
          1.7078434,
          2.4945917,
          1
        ]
      },
      {
        "date" : 768762743.226447,
        "title" : "Untitled",
        "transform" : [
          0.96432525,
          -2.9756642e-10,
          0.2647206,
          0,
          0.24964045,
          0.33269697,
          -0.9093912,
          0,
          -0.08807175,
          0.94303375,
          0.32082808,
          0,
          0.1158998,
          2.3735757,
          1.8011714,
          1
        ]
      }
    ]
  },
  "sceneViewportBackgroundColors" : {

  }
}