{
  "advancedEditorSelectedIdentifier" : "ShaderGraphEditorPluginID",
  "openSceneRelativePaths" : [
    "Scene.usda"
  ],
  "recentIdentifiers" : {
    "90C576A0-F90A-43B8-9998-14918A66F863" : [

    ]
  },
  "sceneCameraHistory" : {
    "90C576A0-F90A-43B8-9998-14918A66F863" : [
      {
        "date" : 768769442.902615,
        "title" : "Untitled",
        "transform" : [
          0.8626992,
          -2.5506832e-09,
          -0.5057174,
          0,
          0.10197035,
          0.9794608,
          0.17395045,
          0,
          0.49533027,
          -0.20163515,
          0.84498006,
          0,
          0.29301953,
          0.26111668,
          0.47646004,
          1
        ]
      },
      {
        "date" : 768769439.744285,
        "title" : "Untitled",
        "transform" : [
          0.8626992,
          -2.5506832e-09,
          -0.5057174,
          0,
          0.10197035,
          0.9794608,
          0.17395045,
          0,
          0.49533027,
          -0.20163515,
          0.84498006,
          0,
          0.2980204,
          0.2384674,
          0.484991,
          1
        ]
      },
      {
        "date" : 768769428.51662,
        "title" : "Untitled",
        "transform" : [
          0.9095229,
          -1.1569089e-09,
          -0.41565385,
          0,
          0.108837664,
          0.9651094,
          0.23815578,
          0,
          0.40115142,
          -0.261847,
          0.8777891,
          0,
          0.2692976,
          0.20806041,
          0.49295038,
          1
        ]
      },
      {
        "date" : 768769424.96775,
        "title" : "Untitled",
        "transform" : [
          0.9095228,
          -1.1569088e-09,
          -0.4156538,
          0,
          0.108837664,
          0.9651094,
          0.23815578,
          0,
          0.40115142,
          -0.261847,
          0.8777891,
          0,
          0.31141296,
          0.18057013,
          0.58510596,
          1
        ]
      },
      {
        "date" : 768769411.607431,
        "title" : "Untitled",
        "transform" : [
          0.76678616,
          -2.7625875e-09,
          -0.64190257,
          0,
          0.27850795,
          0.90097123,
          0.3326923,
          0,
          0.5783358,
          -0.4338789,
          0.6908523,
          0,
          0.40089107,
          0.093693994,
          0.49070287,
          1
        ]
      },
      {
        "date" : 768769405.969979,
        "title" : "Untitled",
        "transform" : [
          0.9892403,
          3.2346823e-09,
          -0.14629957,
          0,
          0.043535132,
          0.9546984,
          0.29437342,
          0,
          0.13967198,
          -0.29757527,
          0.9444262,
          0,
          0.0858692,
          0.18711318,
          0.6324763,
          1
        ]
      },
      {
        "date" : 768769391.269072,
        "title" : "Untitled",
        "transform" : [
          0.9892403,
          3.6421217e-09,
          -0.14629957,
          0,
          0.010388833,
          0.99747556,
          0.07024664,
          0,
          0.14593028,
          -0.07101071,
          0.9867431,
          0,
          0.08287969,
          0.33288532,
          0.61226195,
          1
        ]
      },
      {
        "date" : 768769278.129778,
        "title" : "Untitled",
        "transform" : [
          0.99829024,
          3.5928545e-09,
          -0.058451857,
          0,
          0.0045985845,
          0.99690044,
          0.07853851,
          0,
          0.05827071,
          -0.078673035,
          0.9951959,
          0,
          0.028609987,
          0.32813352,
          0.6184027,
          1
        ]
      },
      {
        "date" : 768769244.448528,
        "title" : "Untitled",
        "transform" : [
          0.9252645,
          3.5608276e-09,
          -0.37932262,
          0,
          0.032360658,
          0.9963543,
          0.078935884,
          0,
          0.3779398,
          -0.08531172,
          0.9218913,
          0,
          0.22817801,
          0.32400674,
          0.5765823,
          1
        ]
      },
      {
        "date" : 768769241.036519,
        "title" : "Untitled",
        "transform" : [
          0.9243435,
          4.4392845e-09,
          -0.38156116,
          0,
          0.032930516,
          0.99626875,
          0.079775184,
          0,
          0.38013753,
          -0.08630471,
          0.9208946,
          0,
          0.22963066,
          0.3233887,
          0.57616806,
          1
        ]
      }
    ]
  },
  "sceneViewportBackgroundColors" : {
    "90C576A0-F90A-43B8-9998-14918A66F863" : [
      0,
      0,
      0,
      1
    ]
  }
}