{
  "advancedEditorSelectedIdentifier" : "ShaderGraphEditorPluginID",
  "openSceneRelativePaths" : [
    "Scene.usda"
  ],
  "recentIdentifiers" : {
    "90C576A0-F90A-43B8-9998-14918A66F863" : [

    ]
  },
  "sceneCameraHistory" : {
    "90C576A0-F90A-43B8-9998-14918A66F863" : [
      {
        "date" : 768842247.12074,
        "title" : "Untitled",
        "transform" : [
          0.6248596,
          3.8691548e-09,
          -0.78073716,
          0,
          -0.11864104,
          0.9883866,
          -0.09495384,
          0,
          0.7716701,
          0.15196028,
          0.6176029,
          0,
          0.6399158,
          0.5207355,
          -0.38081527,
          1
        ]
      },
      {
        "date" : 768842244.642778,
        "title" : "Untitled",
        "transform" : [
          0.6248596,
          -7.7154194e-10,
          -0.7807371,
          0,
          -0.11864106,
          0.98838663,
          -0.09495384,
          0,
          0.7716699,
          0.1519602,
          0.61760306,
          0,
          -0.07666757,
          0.27975708,
          1.13251,
          1
        ]
      },
      {
        "date" : 768842239.25825,
        "title" : "Untitled",
        "transform" : [
          0.7113871,
          -2.0510835e-09,
          -0.70280033,
          0,
          -0.035532903,
          0.9987211,
          -0.035967015,
          0,
          0.7019015,
          0.0505589,
          0.71047735,
          0,
          0.39733806,
          0.3884747,
          0.40853623,
          1
        ]
      },
      {
        "date" : 768769442.902615,
        "title" : "Untitled",
        "transform" : [
          0.8626992,
          -2.5506832e-09,
          -0.5057174,
          0,
          0.10197035,
          0.9794608,
          0.17395045,
          0,
          0.49533027,
          -0.20163515,
          0.84498006,
          0,
          0.29301953,
          0.26111668,
          0.47646004,
          1
        ]
      },
      {
        "date" : 768769439.744285,
        "title" : "Untitled",
        "transform" : [
          0.8626992,
          -2.5506832e-09,
          -0.5057174,
          0,
          0.10197035,
          0.9794608,
          0.17395045,
          0,
          0.49533027,
          -0.20163515,
          0.84498006,
          0,
          0.2980204,
          0.2384674,
          0.484991,
          1
        ]
      },
      {
        "date" : 768769428.51662,
        "title" : "Untitled",
        "transform" : [
          0.9095229,
          -1.1569089e-09,
          -0.41565385,
          0,
          0.108837664,
          0.9651094,
          0.23815578,
          0,
          0.40115142,
          -0.261847,
          0.8777891,
          0,
          0.2692976,
          0.20806041,
          0.49295038,
          1
        ]
      },
      {
        "date" : 768769424.96775,
        "title" : "Untitled",
        "transform" : [
          0.9095228,
          -1.1569088e-09,
          -0.4156538,
          0,
          0.108837664,
          0.9651094,
          0.23815578,
          0,
          0.40115142,
          -0.261847,
          0.8777891,
          0,
          0.31141296,
          0.18057013,
          0.58510596,
          1
        ]
      },
      {
        "date" : 768769411.607431,
        "title" : "Untitled",
        "transform" : [
          0.76678616,
          -2.7625875e-09,
          -0.64190257,
          0,
          0.27850795,
          0.90097123,
          0.3326923,
          0,
          0.5783358,
          -0.4338789,
          0.6908523,
          0,
          0.40089107,
          0.093693994,
          0.49070287,
          1
        ]
      },
      {
        "date" : 768769405.969979,
        "title" : "Untitled",
        "transform" : [
          0.9892403,
          3.2346823e-09,
          -0.14629957,
          0,
          0.043535132,
          0.9546984,
          0.29437342,
          0,
          0.13967198,
          -0.29757527,
          0.9444262,
          0,
          0.0858692,
          0.18711318,
          0.6324763,
          1
        ]
      },
      {
        "date" : 768769391.269072,
        "title" : "Untitled",
        "transform" : [
          0.9892403,
          3.6421217e-09,
          -0.14629957,
          0,
          0.010388833,
          0.99747556,
          0.07024664,
          0,
          0.14593028,
          -0.07101071,
          0.9867431,
          0,
          0.08287969,
          0.33288532,
          0.61226195,
          1
        ]
      }
    ]
  },
  "sceneViewportBackgroundColors" : {
    "90C576A0-F90A-43B8-9998-14918A66F863" : [
      0,
      0,
      0,
      1
    ]
  }
}