{
  "advancedEditorSelectedIdentifier" : "BehaviorsPluginID",
  "openSceneRelativePaths" : [
    "Immersive.usda"
  ],
  "recentIdentifiers" : {
    "AF09ED6F-1707-48FD-8720-65B998362C09" : [

    ]
  },
  "sceneCameraHistory" : {
    "AF09ED6F-1707-48FD-8720-65B998362C09" : [
      {
        "date" : 770215469.14021,
        "title" : "Untitled",
        "transform" : [
          0.999539,
          1.1747455e-08,
          0.030360978,
          0,
          0.006621229,
          0.9759299,
          -0.21798365,
          0,
          -0.02963018,
          0.21808419,
          0.97548,
          0,
          -0.06739033,
          0.24284776,
          1.4161632,
          1
        ]
      },
      {
        "date" : 770215460.478519,
        "title" : "Untitled",
        "transform" : [
          0.7670832,
          1.1484188e-08,
          -0.6415476,
          0,
          -0.118856385,
          0.98268855,
          -0.14211373,
          0,
          0.6304415,
          0.18526508,
          0.7538039,
          0,
          0.10522735,
          0.022940814,
          0.1302805,
          1
        ]
      },
      {
        "date" : 770215446.6751,
        "title" : "Untitled",
        "transform" : [
          0.7670832,
          1.2617073e-08,
          -0.6415476,
          0,
          -0.1188564,
          0.98268855,
          -0.14211372,
          0,
          0.6304414,
          0.1852651,
          0.75380385,
          0,
          1.3647267,
          0.20601763,
          1.6661152,
          1
        ]
      },
      {
        "date" : 770215435.315888,
        "title" : "Untitled",
        "transform" : [
          0.9661323,
          1.15810455e-08,
          -0.2580474,
          0,
          -0.04112336,
          0.9872199,
          -0.1539662,
          0,
          0.25474957,
          0.15936351,
          0.953785,
          0,
          0.53564584,
          0.14932281,
          2.0908487,
          1
        ]
      },
      {
        "date" : 770215419.719178,
        "title" : "Untitled",
        "transform" : [
          0.9871251,
          1.2015749e-08,
          -0.15995002,
          0,
          -0.07602396,
          0.87982476,
          -0.4691787,
          0,
          0.140728,
          0.47529814,
          0.86849713,
          0,
          0.2963861,
          0.851102,
          1.9668865,
          1
        ]
      },
      {
        "date" : 770215352.372541,
        "title" : "Untitled",
        "transform" : [
          0.9871251,
          1.2015749e-08,
          -0.15995002,
          0,
          -0.07602396,
          0.87982476,
          -0.4691787,
          0,
          0.140728,
          0.47529814,
          0.86849713,
          0,
          0.05445798,
          0.15638149,
          0.36139575,
          1
        ]
      },
      {
        "date" : 770215349.534981,
        "title" : "Untitled",
        "transform" : [
          0.9871251,
          1.2015749e-08,
          -0.15995002,
          0,
          -0.07602396,
          0.87982476,
          -0.4691787,
          0,
          0.140728,
          0.47529814,
          0.86849713,
          0,
          0.019866228,
          0.057047844,
          0.13183689,
          1
        ]
      },
      {
        "date" : 770215340.851513,
        "title" : "Untitled",
        "transform" : [
          0.98712504,
          1.5569674e-08,
          -0.15995002,
          0,
          -0.07602402,
          0.8798249,
          -0.46917874,
          0,
          0.14072807,
          0.475298,
          0.86849713,
          0,
          -2.310234,
          7.373449,
          15.2382,
          1
        ]
      },
      {
        "date" : 770214204.319172,
        "title" : "Untitled",
        "transform" : [
          0.99995786,
          1.4726301e-08,
          0.00918157,
          0,
          0.005100342,
          0.8315127,
          -0.55548245,
          0,
          -0.007634495,
          0.5555057,
          0.8314776,
          0,
          -4.8454356,
          8.713465,
          13.874616,
          1
        ]
      },
      {
        "date" : 770214192.476443,
        "title" : "Untitled",
        "transform" : [
          0.9999227,
          1.4551788e-08,
          0.012436587,
          0,
          0.01242895,
          0.0348995,
          -0.9993136,
          0,
          -0.00043394128,
          0.9993908,
          0.0348969,
          0,
          -4.7306457,
          16.38683,
          1.0002449,
          1
        ]
      }
    ]
  },
  "sceneViewportBackgroundColors" : {
    "AF09ED6F-1707-48FD-8720-65B998362C09" : [
      0,
      0,
      0,
      1
    ]
  }
}