{
  "advancedEditorSelectedIdentifier" : "ProjectBrowser",
  "openSceneRelativePaths" : [
    "Immersive.usda"
  ],
  "recentIdentifiers" : {
    "AF09ED6F-1707-48FD-8720-65B998362C09" : [

    ]
  },
  "sceneCameraHistory" : {
    "AF09ED6F-1707-48FD-8720-65B998362C09" : [
      {
        "date" : 770210963.247249,
        "title" : "Untitled",
        "transform" : [
          0.89262354,
          1.2642989e-08,
          -0.4508029,
          0,
          -0.16472214,
          0.9308517,
          -0.32616207,
          0,
          0.4196308,
          0.36539707,
          0.83090013,
          0,
          2.054173,
          6.5472946,
          11.809734,
          1
        ]
      },
      {
        "date" : 770210844.247755,
        "title" : "Untitled",
        "transform" : [
          0.99966615,
          1.3607955e-08,
          0.02583879,
          0,
          0.013162535,
          0.8605226,
          -0.50924206,
          0,
          -0.0222347,
          0.50941205,
          0.86023545,
          0,
          -3.754573,
          8.29522,
          10.180818,
          1
        ]
      },
      {
        "date" : 770210798.301121,
        "title" : "Untitled",
        "transform" : [
          -0.008596999,
          1.3580765e-08,
          -0.99996305,
          0,
          -0.5949749,
          0.803728,
          0.005115246,
          0,
          0.80369836,
          0.59499675,
          -0.0069098133,
          0,
          9.3989725,
          9.305408,
          3.4095826,
          1
        ]
      },
      {
        "date" : 770210792.668914,
        "title" : "Untitled",
        "transform" : [
          0.90837157,
          1.3571153e-08,
          -0.4181642,
          0,
          -0.20197982,
          0.8756118,
          -0.43875745,
          0,
          0.36614963,
          0.4830155,
          0.79538083,
          0,
          1.2294166,
          7.9790287,
          11.017268,
          1
        ]
      },
      {
        "date" : 770210753.150918,
        "title" : "Untitled",
        "transform" : [
          0.90482116,
          -6.67513e-09,
          -0.42579186,
          0,
          -0.39563397,
          0.36964723,
          -0.8407346,
          0,
          0.15739293,
          0.9291722,
          0.33446467,
          0,
          -1.8548063,
          12.845477,
          4.255581,
          1
        ]
      },
      {
        "date" : 770210745.446311,
        "title" : "Untitled",
        "transform" : [
          0.8816088,
          -5.420368e-09,
          -0.4719808,
          0,
          -0.4175594,
          0.46616906,
          -0.7799555,
          0,
          0.220023,
          0.8846957,
          0.4109788,
          0,
          -0.75082755,
          11.967981,
          5.503145,
          1
        ]
      },
      {
        "date" : 770210638.820086,
        "title" : "Untitled",
        "transform" : [
          0.57629067,
          -2.496681e-09,
          -0.8172447,
          0,
          -0.4545576,
          0.83104354,
          -0.32053712,
          0,
          0.6791661,
          0.55620736,
          0.4789226,
          0,
          7.8173842,
          6.2872825,
          7.388339,
          1
        ]
      },
      {
        "date" : 770210557.248545,
        "title" : "Untitled",
        "transform" : [
          0.8437631,
          -2.5997338e-09,
          -0.53671545,
          0,
          -0.31437966,
          0.8104938,
          -0.4942319,
          0,
          0.43500465,
          0.58574706,
          0.68386483,
          0,
          4.032338,
          6.691021,
          9.719608,
          1
        ]
      },
      {
        "date" : 770210553.053637,
        "title" : "Untitled",
        "transform" : [
          0.9742527,
          1.2354953e-09,
          -0.22545856,
          0,
          -0.2253213,
          0.03489946,
          -0.97365916,
          0,
          0.007868428,
          0.9993908,
          0.034000944,
          0,
          -0.8468629,
          11.416097,
          2.296177,
          1
        ]
      },
      {
        "date" : 770210548.304367,
        "title" : "Untitled",
        "transform" : [
          0.13915344,
          1.0948926e-08,
          -0.9902707,
          0,
          -0.8956556,
          0.4265686,
          -0.125858,
          0,
          0.4224185,
          0.9044551,
          0.05935848,
          0,
          6.037662,
          9.347742,
          0.8821244,
          1
        ]
      }
    ]
  },
  "sceneViewportBackgroundColors" : {

  }
}