{
  "advancedEditorSelectedIdentifier" : "BehaviorsPluginID",
  "openSceneRelativePaths" : [
    "Immersive.usda"
  ],
  "recentIdentifiers" : {
    "AF09ED6F-1707-48FD-8720-65B998362C09" : [

    ]
  },
  "sceneCameraHistory" : {
    "AF09ED6F-1707-48FD-8720-65B998362C09" : [
      {
        "date" : 770295563.220108,
        "title" : "Untitled",
        "transform" : [
          0.9235818,
          2.3711763e-08,
          -0.38340145,
          0,
          -0.037442442,
          0.99522,
          -0.09019535,
          0,
          0.38156885,
          0.097658336,
          0.919167,
          0,
          4.530413,
          1.4716965,
          7.001911,
          1
        ]
      },
      {
        "date" : 770295273.950456,
        "title" : "Untitled",
        "transform" : [
          0.91152257,
          3.357772e-08,
          -0.41125003,
          0,
          -0.27856255,
          0.73565584,
          -0.61742485,
          0,
          0.3025385,
          0.6773556,
          0.6705669,
          0,
          0.30521256,
          1.164094,
          -3.240959,
          1
        ]
      },
      {
        "date" : 770295248.159751,
        "title" : "Untitled",
        "transform" : [
          0.98783803,
          3.8065505e-08,
          0.15548617,
          0,
          0.008828146,
          0.99838686,
          -0.0560874,
          0,
          -0.15523534,
          0.056777913,
          0.98624456,
          0,
          -0.24661326,
          0.38112426,
          -2.6515422,
          1
        ]
      },
      {
        "date" : 770295236.265543,
        "title" : "Untitled",
        "transform" : [
          0.999281,
          3.820641e-08,
          -0.037915144,
          0,
          -0.0016515399,
          0.9990509,
          -0.043526616,
          0,
          0.03787916,
          0.043557923,
          0.99833256,
          0,
          0.03667583,
          0.36172324,
          -2.6318347,
          1
        ]
      },
      {
        "date" : 770295190.930891,
        "title" : "Untitled",
        "transform" : [
          0.99332225,
          3.8164746e-08,
          -0.115373224,
          0,
          0.020871285,
          0.9835011,
          0.17969462,
          0,
          0.113469705,
          -0.18090267,
          0.97693354,
          0,
          0.14794263,
          0.032032996,
          -2.6601648,
          1
        ]
      },
      {
        "date" : 770295186.92269,
        "title" : "Untitled",
        "transform" : [
          0.93438697,
          3.0650305e-08,
          -0.3562597,
          0,
          -0.06417374,
          0.98364246,
          -0.16831322,
          0,
          0.35043222,
          0.18013215,
          0.9191026,
          0,
          -0.1649567,
          0.5369514,
          -0.27811456,
          1
        ]
      },
      {
        "date" : 770295185.311737,
        "title" : "Untitled",
        "transform" : [
          0.9343871,
          2.9344914e-08,
          -0.35625973,
          0,
          -0.031144993,
          0.9961714,
          -0.08168643,
          0,
          0.3548958,
          0.0874224,
          0.9308095,
          0,
          -0.16468519,
          0.20788074,
          -0.2774024,
          1
        ]
      },
      {
        "date" : 770295179.26525,
        "title" : "Untitled",
        "transform" : [
          0.8830877,
          3.4961392e-08,
          -0.46920815,
          0,
          -0.17713127,
          0.92600507,
          -0.3333756,
          0,
          0.43448913,
          0.37751126,
          0.81774354,
          0,
          0.2576947,
          1.2518792,
          -0.38502622,
          1
        ]
      },
      {
        "date" : 770295172.860121,
        "title" : "Untitled",
        "transform" : [
          -0.47242227,
          1.9934538e-08,
          -0.88137233,
          0,
          -0.69862777,
          0.60966533,
          0.37446967,
          0,
          0.53734213,
          0.792659,
          -0.28801945,
          0,
          3.019033,
          2.8254132,
          -3.855109,
          1
        ]
      },
      {
        "date" : 770295165.616667,
        "title" : "Untitled",
        "transform" : [
          0.64969385,
          2.1946349e-08,
          -0.7601959,
          0,
          -0.72515434,
          0.30011004,
          -0.6197461,
          0,
          0.22814238,
          0.9539045,
          0.19497965,
          0,
          0.30197763,
          3.5461388,
          -1.8403957,
          1
        ]
      }
    ]
  },
  "sceneViewportBackgroundColors" : {
    "AF09ED6F-1707-48FD-8720-65B998362C09" : [
      0,
      0,
      0,
      1
    ]
  }
}