{
  "advancedEditorSelectedIdentifier" : "ProjectBrowser",
  "openSceneRelativePaths" : [
    "Immersive.usda"
  ],
  "recentIdentifiers" : {
    "AF09ED6F-1707-48FD-8720-65B998362C09" : [

    ]
  },
  "sceneCameraHistory" : {
    "AF09ED6F-1707-48FD-8720-65B998362C09" : [
      {
        "date" : 757506911.541702,
        "title" : "Untitled",
        "transform" : [
          0.9965764,
          -1.3662791e-09,
          0.08267553,
          0,
          0.048653983,
          0.80850255,
          -0.58647805,
          0,
          -0.066843405,
          0.58849275,
          0.80573463,
          0,
          0.5661081,
          1.6854694,
          2.7235034,
          1
        ]
      },
      {
        "date" : 757506900.881544,
        "title" : "Untitled",
        "transform" : [
          0.64507496,
          -1.8287456e-09,
          -0.76411927,
          0,
          -0.24904113,
          0.94539773,
          -0.21024235,
          0,
          0.72239655,
          0.32591915,
          0.6098524,
          0,
          1.7870048,
          1.1642748,
          1.5018624,
          1
        ]
      },
      {
        "date" : 757506869.523919,
        "title" : "Untitled",
        "transform" : [
          0.9991777,
          -7.3432893e-10,
          0.040545885,
          0,
          0.016334062,
          0.9152643,
          -0.4025227,
          0,
          -0.037110183,
          0.4028539,
          0.9145116,
          0,
          -0.08527989,
          1.3530086,
          2.2285886,
          1
        ]
      },
      {
        "date" : 757506849.367932,
        "title" : "Untitled",
        "transform" : [
          0.9744267,
          -3.7491787e-10,
          -0.22470567,
          0,
          -0.067503415,
          0.9538108,
          -0.2927257,
          0,
          0.2143267,
          0.3004081,
          0.9294187,
          0,
          0.5363866,
          1.1011553,
          2.3030977,
          1
        ]
      },
      {
        "date" : 757506829.085606,
        "title" : "Untitled",
        "transform" : [
          1,
          0,
          0,
          0,
          0,
          0.7071069,
          -0.70710677,
          0,
          0,
          0.70710677,
          0.7071069,
          0,
          0.005150318,
          2.0691428,
          1.5884378,
          1
        ]
      }
    ]
  },
  "sceneViewportBackgroundColors" : {

  }
}