{
  "advancedEditorSelectedIdentifier" : "ProjectBrowser",
  "openSceneRelativePaths" : [
    "Immersive.usda"
  ],
  "recentIdentifiers" : {
    "AF09ED6F-1707-48FD-8720-65B998362C09" : [

    ]
  },
  "sceneCameraHistory" : {
    "AF09ED6F-1707-48FD-8720-65B998362C09" : [
      {
        "date" : 777217620.19652,
        "title" : "Untitled",
        "transform" : [
          0.99204296,
          -7.4077886e-09,
          -0.12590033,
          0,
          -0.1083179,
          0.50970966,
          -0.85350066,
          0,
          0.06417262,
          0.8603465,
          0.50565386,
          0,
          -1.0277138,
          27.780659,
          5.873562,
          1
        ]
      },
      {
        "date" : 777217617.497292,
        "title" : "Untitled",
        "transform" : [
          0.99204296,
          -7.4077886e-09,
          -0.12590033,
          0,
          -0.1083179,
          0.50970966,
          -0.85350066,
          0,
          0.06417262,
          0.8603465,
          0.50565386,
          0,
          -1.9398504,
          2.6567588,
          -3.3891819,
          1
        ]
      },
      {
        "date" : 777217612.85365,
        "title" : "Untitled",
        "transform" : [
          0.9920429,
          -4.600204e-09,
          -0.12590031,
          0,
          -0.10831789,
          0.5097097,
          -0.8535006,
          0,
          0.064172626,
          0.86034644,
          0.5056539,
          0,
          0.0067091137,
          0.14123154,
          0.075675786,
          1
        ]
      },
      {
        "date" : 777217574.729224,
        "title" : "Untitled",
        "transform" : [
          0.9920428,
          1.7067983e-09,
          -0.1259003,
          0,
          -0.10831786,
          0.5097098,
          -0.8535005,
          0,
          0.06417261,
          0.8603463,
          0.505654,
          0,
          0.17578554,
          4.7472115,
          -0.7412852,
          1
        ]
      },
      {
        "date" : 777217491.377829,
        "title" : "Untitled",
        "transform" : [
          0.9999359,
          -4.1643966e-11,
          -0.011317869,
          0,
          -0.0046783066,
          0.9105696,
          -0.4133293,
          0,
          0.010305707,
          0.41335577,
          0.91051126,
          0,
          0.038287878,
          3.199765,
          1.3714118,
          1
        ]
      },
      {
        "date" : 777217435.660739,
        "title" : "Untitled",
        "transform" : [
          -0.3892376,
          3.7046595e-09,
          -0.9211374,
          0,
          -0.36538,
          0.9179648,
          0.15439565,
          0,
          0.8455717,
          0.39666185,
          -0.3573064,
          0,
          2.1869018,
          1.0258865,
          -0.9241012,
          1
        ]
      },
      {
        "date" : 777216189.794479,
        "title" : "Untitled",
        "transform" : [
          0.022419922,
          3.3029117e-09,
          -0.99974865,
          0,
          -0.3078175,
          0.95142037,
          -0.0069029857,
          0,
          0.95118123,
          0.307895,
          0.021330805,
          0,
          2.4600399,
          0.7963088,
          0.055168085,
          1
        ]
      },
      {
        "date" : 777216107.535432,
        "title" : "Untitled",
        "transform" : [
          0.9128551,
          3.9316945e-09,
          -0.4082835,
          0,
          -0.044891603,
          0.9939369,
          -0.10037029,
          0,
          0.40580806,
          0.10995206,
          0.9073205,
          0,
          1.0495411,
          0.28436908,
          2.346603,
          1
        ]
      },
      {
        "date" : 777216013.883718,
        "title" : "Untitled",
        "transform" : [
          0.9974044,
          -1.0895154e-09,
          -0.07200294,
          0,
          -0.019792756,
          0.9614763,
          -0.2741746,
          0,
          0.069229126,
          0.2748881,
          0.9589807,
          0,
          0.17904727,
          0.71094316,
          2.4802115,
          1
        ]
      }
    ]
  },
  "sceneViewportBackgroundColors" : {

  }
}